342
159
384
560
567
947
309
249
659
889
651
673
22
994
635
272
877
316
44
151
88
146
643
992
589
960
437
885
184
407
111
526
565
846
85
131
793
745
732
803
985
382
827
7
727
814
630
603
129
673
105
216
170
748
208
758
59
644
642
243
50
752
768
967
950
204
449
742
948
180
896
284
562
722
290
288
535
919
243
663
944
347
231
113
446
438
223
505
433
216
747
835
320
866
801
269
69
249
362
368
429
257
651
342
978
293
981
865
563
223
879
506
922
109
971
367
898
193
223
683
760
969
517
79
834
317
347
254
917
708
621
345
964
272
38
294
564
19
510
126
593
388
984
866
849
954
585
746
498
807
428
609
128
296
688
313
612
34
567
529
94
187
225
57
810
263
702
725
633
211
851
577
951
186
795
799
491
379
896
340
537
676
948
664
971
635
977
583
21
895
463
114
433
39
522
243
653
224
967
285
786
169
214
736
706
360
886
196
738
782
535
626
457
483
642
427
469
970
361
489
864
175
602
296
214
124
890
866
699
857
503
484
377
68
572
83
427
457
278
516
590
165
141
46
999
782
825
467
751
537
956
966
712
557
614
925
32
503
790
730
711
644
566
88
711
489
522
137
945
151
652
535
315
145
932
313
278
756
132
381
293
87
346
356
995
959
280
379
814
421
108
524
65
25
611
127
513
484
264
810
635
267
344
949
411
627
614
41
383
745
421
27
183
766
734
177
77
13
907
242
785
15
765
201
391
728
328
256
211
943
65
845
209
760
146
972
386
759
12
120
503
432
146
685
549
879
213
977
243
120
218
380
486
983
580
228
62
259
483
272
201
547
117
762
306
262
733
44
372
96
163
874
527
661
910
427
539
474
756
134
945
973
865
782
307
444
10
368
55
844
992
255
391
108
368
48
721
100
91
92
195
254
317
73
914
578
852
804
403
607
289
348
931
153
129
590
949
490
957
3
334
948
609
76
407
977
123
479
428
566
922
623
171
238
47
436
167
250
239
570
856
880
269
139
32
749
728
980
239
36
334
924
336
943
999
94
919
473
573
346
390
494
320
560
84
719
995
602
968
586
171
176
465
791
314
848
540
393
180
130
428
513
53
763
807
403
857
77
227
429
775
617
274
94
176
709
164
523
311
484
108
833
659
924
624
324
771
515
716
302
644
495
815
48
258
621
802
114
50
28
894
824
644
519
917
172
228
433
46
890
916
505
722
926
428
697
601
550
211
668
852
206
162
18
605
419
990
406
884
39
786
129
862
781
648
131
304
227
563
349
468
478
853
189
755
632
238
355
534
800
22
385
358
535
754
962
954
743
720
189
782
505
318
643
637
317
773
941
895
687
641
362
516
846
902
270
477
491
976
362
291
349
98
1000
884
851
313
189
594
32
377
727
888
46
369
525
714
494
817
960
180
457
321
696
302
575
317
131
65
293
492
707
993
590
706
876
440
19
64
385
402
793
111
642
190
832
518
904
325
334
863
856
142
536
903
444
462
220
926
526
864
417
585
856
358
642
732
150
12
147
886
766
939
997
407
129
180
924
384
504
257
598
711
398
133
614
193
594
185
118
472
400
887
408
255
596
401
338
745
413
485
983
178
775
979
584
255
158
859
638
13
467
236
75
864
720
40
409
666
224
878
489
623
764
896
230
712
296
567
456
60
403
438
237
530
768
172
784
277
382
774
641
848
361
68
64
80
107
472
97
683
701
585
657
465
480
886
176
128
805
983
187
207
773
776
736
892
299
872
521
681
645
513
528
5
580
943
436
687
414
533
369
115
117
25
931
949
263
458
76
67
792
614
273
916
389
361
160
688
232
680
720
228
192
247
584
772
190
19
810
955
903
530
421
372
906
703
320
168
512
747
586
304
360
211
571
749
571
730
788
154
409
507
381
953
105
316
76
646
334
237
601
589
766
373
960
23
76
279
191
587
25
128
242
736
338
813
484
908
542
623
413
303
481
145
607
586
460
682
231
146
270
183
734
35
556
693
409
983
323
951
921
347
79
163
82
416
975
918
676
868
892
88
522
373
585
128
310
44
161
540
541
430
75
274
816
982
966
577
964
288
527
236
986
605
398
420
21
724
689
48
944
580
487
465
304
71
945
613
467
457
505
7
887
579
633
54
912
950
982
227
590
509
462
927
113
860
346
485
935
386
884
878
318
371
695
621
793
639
586
259
95
442
618
333
20
602
739
283
551
720
509
492
228
970
419
693
181
764
529
116
502
413
345
819
135
39
791
927
29
376
538
124
169
507
808
540
108
898
822
