341
158
383
559
566
946
308
248
658
888
650
672
21
993
634
271
876
315
43
150
87
145
642
991
588
959
436
884
183
406
110
525
564
845
84
130
792
744
731
802
984
381
826
6
726
813
629
602
128
672
104
215
169
747
207
757
58
643
641
242
49
751
767
966
949
203
448
741
947
179
895
283
561
721
289
287
534
918
242
662
943
346
230
112
445
437
222
504
432
215
746
834
319
865
800
268
68
248
361
367
428
256
650
341
977
292
980
864
562
222
878
505
921
108
970
366
897
192
222
682
759
968
516
78
833
316
346
253
916
707
620
344
963
271
37
293
563
18
509
125
592
387
983
865
848
953
584
745
497
806
427
608
127
295
687
312
611
33
566
528
93
186
224
56
809
262
701
724
632
210
850
576
950
185
794
798
490
378
895
339
536
675
947
663
970
634
976
582
20
894
462
113
432
38
521
242
652
223
966
284
785
168
213
735
705
359
885
195
737
781
534
625
456
482
641
426
468
969
360
488
863
174
601
295
213
123
889
865
698
856
502
483
376
67
571
82
426
456
277
515
589
164
140
45
998
781
824
466
750
536
955
965
711
556
613
924
31
502
789
729
710
643
565
87
710
488
521
136
944
150
651
534
314
144
931
312
277
755
131
380
292
86
345
355
994
958
279
378
813
420
107
523
64
24
610
126
512
483
263
809
634
266
343
948
410
626
613
40
382
744
420
26
182
765
733
176
76
12
906
241
784
14
764
200
390
727
327
255
210
942
64
844
208
759
145
971
385
758
11
119
502
431
145
684
548
878
212
976
242
119
217
379
485
982
579
227
61
258
482
271
200
546
116
761
305
261
732
43
371
95
162
873
526
660
909
426
538
473
755
133
944
972
864
781
306
443
9
367
54
843
991
254
390
107
367
47
720
99
90
91
194
253
316
72
913
577
851
803
402
606
288
347
930
152
128
589
948
489
956
2
333
947
608
75
406
976
122
478
427
565
921
622
170
237
46
435
166
249
238
569
855
879
268
138
31
748
727
979
238
35
333
923
335
942
998
93
918
472
572
345
389
493
319
559
83
718
994
601
967
585
170
175
464
790
313
847
539
392
179
129
427
512
52
762
806
402
856
76
226
428
774
616
273
93
175
708
163
522
310
483
107
832
658
923
623
323
770
514
715
301
643
494
814
47
257
620
801
113
49
27
893
823
643
518
916
171
227
432
45
889
915
504
721
925
427
696
600
549
210
667
851
205
161
17
604
418
989
405
883
38
785
128
861
780
647
130
303
226
562
348
467
477
852
188
754
631
237
354
533
799
21
384
357
534
753
961
953
742
719
188
781
504
317
642
636
316
772
940
894
686
640
361
515
845
901
269
476
490
975
361
290
348
97
999
883
850
312
188
593
31
376
726
887
45
368
524
713
493
816
959
179
456
320
695
301
574
316
130
64
292
491
706
992
589
705
875
439
18
63
384
401
792
110
641
189
831
517
903
324
333
862
855
141
535
902
443
461
219
925
525
863
416
584
855
357
641
731
149
11
146
885
765
938
996
406
128
179
923
383
503
256
597
710
397
132
613
192
593
184
117
471
399
886
407
254
595
400
337
744
412
484
982
177
774
978
583
254
157
858
637
12
466
235
74
863
719
39
408
665
223
877
488
622
763
895
229
711
295
566
455
59
402
437
236
529
767
171
783
276
381
773
640
847
360
67
63
79
106
471
96
682
700
584
656
464
479
885
175
127
804
982
186
206
772
775
735
891
298
871
520
680
644
512
527
4
579
942
435
686
413
532
368
114
116
24
930
948
262
457
75
66
791
613
272
915
388
360
159
687
231
679
719
227
191
246
583
771
189
18
809
954
902
529
420
371
905
702
319
167
511
746
585
303
359
210
570
748
570
729
787
153
408
506
380
952
104
315
75
645
333
236
600
588
765
372
959
22
75
278
190
586
24
127
241
735
337
812
483
907
541
622
412
302
480
144
606
585
459
681
230
145
269
182
733
34
555
692
408
982
322
950
920
346
78
162
81
415
974
917
675
867
891
87
521
372
584
127
309
43
160
539
540
429
74
273
815
981
965
576
963
287
526
235
985
604
397
419
20
723
688
47
943
579
486
464
303
70
944
612
466
456
504
6
886
578
632
53
911
949
981
226
589
508
461
926
112
859
345
484
934
385
883
877
317
370
694
620
792
638
585
258
94
441
617
332
19
601
738
282
550
719
508
491
227
969
418
692
180
763
528
115
501
412
344
818
134
38
790
926
28
375
537
123
168
506
807
539
107
897
821
